free_thresh: 0.196
image: cropped.pgm
negate: 0
occupied_thresh: 0.65
origin: [-14.299999999999997, -10.149999999999991, 0.0]
resolution: 0.05
